# 
# 
# 
#  Date: Wed Jul  2 16:04:59 2025
# h, m, error_m
2.000000E+02 6.904669E+00 7.516242E-02
1.970000E+02 6.852235E+00 2.999350E-02
1.940000E+02 6.932793E+00 5.737917E-02
1.910000E+02 6.891491E+00 4.599989E-02
1.880000E+02 6.878872E+00 6.153954E-02
1.850000E+02 6.939081E+00 3.547077E-02
1.820000E+02 6.785274E+00 2.233596E-02
1.790000E+02 6.908347E+00 5.220813E-02
1.760000E+02 6.729254E+00 4.493571E-02
1.730000E+02 6.863783E+00 3.604791E-02
1.700000E+02 6.879431E+00 7.053516E-02
1.670000E+02 6.878733E+00 3.107644E-02
1.640000E+02 6.938291E+00 5.400412E-02
1.610000E+02 6.863969E+00 6.340279E-02
1.580000E+02 6.835657E+00 1.770717E-02
1.550000E+02 6.718778E+00 2.585502E-02
1.520000E+02 6.865599E+00 4.862883E-02
1.490000E+02 6.842084E+00 3.967584E-02
1.460000E+02 6.781640E+00 6.992955E-02
1.430000E+02 6.858941E+00 4.985000E-02
1.400000E+02 6.884877E+00 3.733547E-02
1.370000E+02 6.794214E+00 1.137282E-01
1.340000E+02 6.826718E+00 4.036291E-02
1.310000E+02 6.840407E+00 7.514194E-02
1.280000E+02 6.956217E+00 1.830434E-02
1.250000E+02 6.838684E+00 3.827626E-02
1.220000E+02 6.785226E+00 6.554843E-02
1.190000E+02 6.744806E+00 2.516155E-02
1.160000E+02 6.795004E+00 2.451845E-02
1.130000E+02 6.822245E+00 7.237041E-02
1.100000E+02 6.890652E+00 4.973319E-02
1.070000E+02 6.856938E+00 4.764102E-02
1.040000E+02 6.851630E+00 9.244610E-02
1.010000E+02 6.831373E+00 7.070451E-02
9.800000E+01 6.835842E+00 2.231291E-02
9.500000E+01 6.873142E+00 6.810930E-02
9.200000E+01 6.813259E+00 9.825266E-02
8.900000E+01 6.764224E+00 4.247729E-02
8.600000E+01 6.832166E+00 5.656990E-02
8.300000E+01 6.733024E+00 7.377837E-02
8.000000E+01 6.814935E+00 3.892404E-02
7.700000E+01 6.908066E+00 4.129957E-02
7.400000E+01 6.822667E+00 4.842610E-02
7.100000E+01 6.845390E+00 2.146483E-02
6.800000E+01 6.864109E+00 5.209076E-02
6.500000E+01 6.765342E+00 2.282815E-02
6.200000E+01 6.807251E+00 5.280059E-02
5.900000E+01 6.769068E+00 9.686402E-02
5.600000E+01 6.771164E+00 4.448500E-02
5.300000E+01 6.810185E+00 3.806091E-02
5.000000E+01 6.746345E+00 9.552508E-02
4.700000E+01 6.780244E+00 3.540989E-02
4.400000E+01 6.707043E+00 2.298896E-02
4.100000E+01 6.762781E+00 6.232019E-02
3.800000E+01 6.820011E+00 2.192555E-02
3.500000E+01 6.779079E+00 8.772224E-02
3.200000E+01 6.679241E+00 6.163176E-02
2.900000E+01 6.723573E+00 4.515306E-02
2.600000E+01 6.614003E+00 2.592340E-02
2.300000E+01 6.705133E+00 6.611107E-02
2.000000E+01 6.749649E+00 1.055696E-01
1.700000E+01 6.689626E+00 2.871306E-02
1.400000E+01 6.771862E+00 4.826650E-02
1.100000E+01 6.687391E+00 3.074162E-02
8.000000E+00 6.702898E+00 4.932505E-02
5.000000E+00 6.617915E+00 4.433636E-02
2.000000E+00 6.668903E+00 5.427618E-02
-1.000000E+00 6.568182E+00 7.759062E-02
-4.000000E+00 6.611814E+00 6.460930E-02
-7.000000E+00 6.745692E+00 4.225269E-02
-1.000000E+01 6.577075E+00 3.962894E-02
-1.300000E+01 6.538053E+00 3.062324E-02
-1.600000E+01 6.549369E+00 9.093998E-02
-1.900000E+01 6.429134E+00 1.699162E-02
-2.000000E+01 6.516773E+00 4.920384E-02
-2.050000E+01 6.352533E+00 5.042586E-02
-2.100000E+01 6.351089E+00 3.232153E-02
-2.150000E+01 6.465084E+00 4.308722E-02
-2.200000E+01 6.410974E+00 4.730333E-02
-2.250000E+01 6.512255E+00 4.881984E-02
-2.300000E+01 6.415211E+00 5.140746E-02
-2.350000E+01 6.280310E+00 4.823934E-02
-2.400000E+01 6.457727E+00 4.033470E-02
-2.450000E+01 6.339124E+00 5.485518E-02
-2.500000E+01 6.384198E+00 5.649182E-02
-2.550000E+01 6.371720E+00 2.714929E-02
-2.600000E+01 6.270343E+00 1.270716E-01
-2.650000E+01 6.246968E+00 9.845644E-02
-2.700000E+01 6.320683E+00 5.431508E-02
-2.750000E+01 6.240821E+00 3.660352E-02
-2.800000E+01 6.258052E+00 3.815527E-02
-2.850000E+01 6.275887E+00 3.703833E-02
-2.900000E+01 6.193883E+00 6.171733E-02
-2.950000E+01 6.165387E+00 5.044762E-02
-3.000000E+01 6.198168E+00 5.861631E-02
-3.050000E+01 6.259357E+00 5.669512E-02
-3.100000E+01 6.134465E+00 1.010549E-02
-3.150000E+01 6.034254E+00 5.280052E-02
-3.200000E+01 6.039981E+00 6.000867E-02
-3.250000E+01 6.087992E+00 2.745590E-02
-3.300000E+01 6.051950E+00 3.698047E-02
-3.350000E+01 5.960027E+00 2.810205E-02
-3.400000E+01 5.938096E+00 6.711029E-02
-3.450000E+01 5.900470E+00 8.703897E-02
-3.500000E+01 5.830107E+00 8.984339E-02
-3.550000E+01 5.775392E+00 2.825675E-02
-3.600000E+01 5.782658E+00 3.087154E-02
-3.650000E+01 5.703075E+00 7.357613E-02
-3.700000E+01 5.703589E+00 2.413051E-02
-3.750000E+01 5.486310E+00 4.173918E-02
-3.800000E+01 5.417301E+00 5.869763E-02
-3.850000E+01 5.402304E+00 5.245232E-02
-3.900000E+01 5.131943E+00 4.205362E-02
-3.950000E+01 4.895061E+00 3.611443E-02
-4.000000E+01 4.359131E+00 6.584785E-02
-4.050000E+01 1.331520E+00 1.372535E-01
-4.100000E+01 -2.890607E+00 3.269365E-01
-4.150000E+01 -4.662229E+00 1.006003E-01
-4.200000E+01 -5.389406E+00 7.981799E-02
-4.250000E+01 -5.634718E+00 7.718568E-02
-4.300000E+01 -5.707407E+00 5.841904E-02
-4.350000E+01 -5.741726E+00 2.066506E-02
-4.400000E+01 -5.725243E+00 4.959780E-02
-4.450000E+01 -5.775207E+00 2.601825E-02
-4.500000E+01 -5.793600E+00 4.375492E-02
-4.550000E+01 -5.769713E+00 4.729811E-02
-4.600000E+01 -5.772042E+00 4.866519E-02
-4.650000E+01 -5.793599E+00 5.724428E-02
-4.700000E+01 -5.783916E+00 4.531970E-02
-4.750000E+01 -5.792065E+00 5.001465E-02
-4.800000E+01 -5.766220E+00 5.521428E-02
-4.850000E+01 -5.753368E+00 3.068702E-02
-4.900000E+01 -5.925477E+00 3.933653E-02
-4.950000E+01 -5.757188E+00 2.599671E-02
-5.000000E+01 -5.736231E+00 5.932765E-02
-5.050000E+01 -5.765613E+00 2.810925E-02
-5.100000E+01 -5.756208E+00 3.856347E-02
-5.150000E+01 -5.829503E+00 3.213547E-02
-5.200000E+01 -5.761563E+00 3.840770E-02
-5.250000E+01 -5.864101E+00 5.264181E-02
-5.300000E+01 -5.883287E+00 8.510470E-02
-5.350000E+01 -5.934090E+00 2.501803E-02
-5.400000E+01 -5.860377E+00 3.649970E-02
-5.450000E+01 -5.889062E+00 3.612789E-02
-5.500000E+01 -5.895068E+00 4.944906E-02
-5.550000E+01 -5.876396E+00 6.803608E-02
-5.600000E+01 -5.948619E+00 2.033614E-02
-5.650000E+01 -5.923659E+00 3.038997E-02
-5.700000E+01 -5.925569E+00 6.236266E-02
-5.750000E+01 -5.891248E+00 5.761240E-02
-5.800000E+01 -5.858420E+00 8.397139E-02
-5.850000E+01 -5.906384E+00 4.835957E-02
-5.900000E+01 -5.849013E+00 5.037056E-02
-5.950000E+01 -5.919935E+00 4.456160E-02
-6.000000E+01 -5.937303E+00 3.694647E-02
-6.300000E+01 -6.027129E+00 3.096821E-02
-6.600000E+01 -6.010645E+00 7.462728E-02
-6.900000E+01 -6.004173E+00 3.606119E-02
-7.200000E+01 -6.041798E+00 3.637879E-02
-7.500000E+01 -6.045151E+00 5.452010E-02
-7.800000E+01 -6.039143E+00 5.415777E-02
-8.100000E+01 -6.194396E+00 5.408623E-02
-8.400000E+01 -6.113136E+00 5.238499E-02
-8.700000E+01 -6.084779E+00 3.605799E-02
-9.000000E+01 -6.059309E+00 5.793163E-02
-9.300000E+01 -6.026339E+00 6.080575E-02
-9.600000E+01 -6.067502E+00 2.836987E-02
-9.900000E+01 -6.112999E+00 4.318873E-02
-1.020000E+02 -6.124641E+00 6.917168E-02
-1.050000E+02 -6.097583E+00 3.286702E-02
-1.080000E+02 -6.098794E+00 4.895095E-02
-1.110000E+02 -6.170694E+00 2.333053E-02
-1.140000E+02 -6.115325E+00 2.706262E-02
-1.170000E+02 -6.095721E+00 6.443850E-02
-1.200000E+02 -6.187178E+00 8.601306E-02
-1.230000E+02 -6.102381E+00 4.162493E-02
-1.260000E+02 -6.093626E+00 4.383979E-02
-1.290000E+02 -6.126221E+00 5.565161E-02
-1.320000E+02 -6.079281E+00 6.056314E-02
-1.350000E+02 -6.079238E+00 5.092711E-02
-1.380000E+02 -6.102007E+00 5.491880E-02
-1.410000E+02 -6.084081E+00 3.389428E-02
-1.440000E+02 -6.091484E+00 7.073073E-02
-1.470000E+02 -6.047434E+00 3.217217E-02
-1.500000E+02 -6.172323E+00 5.959287E-02
-1.530000E+02 -6.138189E+00 8.192676E-02
-1.560000E+02 -6.107596E+00 1.545881E-02
-1.590000E+02 -6.170879E+00 7.742746E-02
-1.620000E+02 -6.111227E+00 4.029679E-02
-1.650000E+02 -6.132928E+00 4.615385E-02
-1.680000E+02 -6.180238E+00 4.611564E-02
-1.710000E+02 -6.145406E+00 3.917929E-02
-1.740000E+02 -6.200776E+00 7.074198E-02
-1.770000E+02 -6.090785E+00 6.952913E-02
-1.800000E+02 -6.133113E+00 6.710013E-02
-1.830000E+02 -6.122263E+00 4.099481E-02
-1.860000E+02 -6.189691E+00 6.322549E-02
-1.890000E+02 -6.074348E+00 3.334302E-02
-1.920000E+02 -6.124827E+00 5.194691E-02
-1.950000E+02 -6.125013E+00 1.191363E-01
-1.980000E+02 -6.124501E+00 6.136667E-02
-2.000000E+02 -6.096093E+00 5.250498E-02
-1.970000E+02 -6.021681E+00 4.106696E-02
-1.940000E+02 -6.218468E+00 5.078249E-02
-1.910000E+02 -6.140798E+00 9.765637E-02
-1.880000E+02 -6.125943E+00 3.625961E-02
-1.850000E+02 -6.226572E+00 7.792219E-02
-1.820000E+02 -6.176049E+00 2.900161E-02
-1.790000E+02 -6.156118E+00 4.624093E-02
-1.760000E+02 -6.139865E+00 2.707135E-02
-1.730000E+02 -6.198261E+00 2.981435E-02
-1.700000E+02 -6.259960E+00 3.099638E-02
-1.670000E+02 -6.180891E+00 7.244215E-02
-1.640000E+02 -6.176234E+00 3.095290E-02
-1.610000E+02 -6.094976E+00 6.883626E-02
-1.580000E+02 -6.226248E+00 4.469818E-02
-1.550000E+02 -6.174745E+00 3.102704E-02
-1.520000E+02 -6.194163E+00 2.610483E-02
-1.490000E+02 -6.219028E+00 3.057743E-02
-1.460000E+02 -6.140658E+00 5.546158E-02
-1.430000E+02 -6.219074E+00 4.394227E-02
-1.400000E+02 -6.111602E+00 5.000356E-02
-1.370000E+02 -6.185315E+00 6.121801E-02
-1.340000E+02 -6.276446E+00 7.547435E-02
-1.310000E+02 -6.169901E+00 5.932628E-02
-1.280000E+02 -6.173487E+00 4.315679E-02
-1.250000E+02 -6.187782E+00 8.099405E-02
-1.220000E+02 -6.201007E+00 6.238536E-02
-1.190000E+02 -6.162170E+00 7.047555E-02
-1.160000E+02 -6.162682E+00 2.665076E-02
-1.130000E+02 -6.165617E+00 6.197077E-02
-1.100000E+02 -6.098050E+00 4.824252E-02
-1.070000E+02 -6.094605E+00 8.804765E-02
-1.040000E+02 -6.150670E+00 9.075955E-02
-1.010000E+02 -6.129716E+00 8.695375E-02
-9.800000E+01 -6.243803E+00 4.533520E-02
-9.500000E+01 -6.239891E+00 2.140404E-02
-9.200000E+01 -6.118679E+00 7.413216E-02
-8.900000E+01 -6.150903E+00 1.968654E-02
-8.600000E+01 -6.154675E+00 3.951556E-02
-8.300000E+01 -6.054557E+00 2.815524E-02
-8.000000E+01 -6.238819E+00 5.795220E-02
-7.700000E+01 -6.079515E+00 4.521594E-02
-7.400000E+01 -6.167433E+00 3.450563E-02
-7.100000E+01 -6.264757E+00 6.201379E-02
-6.800000E+01 -6.218515E+00 4.024355E-02
-6.500000E+01 -6.122310E+00 2.362752E-02
-6.200000E+01 -6.092322E+00 4.724891E-02
-5.900000E+01 -6.215584E+00 5.958419E-02
-5.600000E+01 -6.161519E+00 3.196439E-02
-5.300000E+01 -6.169621E+00 7.971985E-02
-5.000000E+01 -6.062381E+00 3.641730E-02
-4.950000E+01 -6.086967E+00 5.056077E-02
-4.900000E+01 -6.091483E+00 8.675732E-02
-4.850000E+01 -6.096467E+00 3.333639E-02
-4.800000E+01 -6.152020E+00 4.049031E-02
-4.750000E+01 -6.168412E+00 4.620043E-02
-4.700000E+01 -6.209949E+00 6.228428E-02
-4.650000E+01 -6.169203E+00 2.608270E-02
-4.600000E+01 -6.107829E+00 3.617693E-02
-4.550000E+01 -6.053206E+00 8.447912E-02
-4.500000E+01 -6.215164E+00 7.428690E-02
-4.450000E+01 -6.116070E+00 2.621705E-02
-4.400000E+01 -6.101728E+00 9.256166E-02
-4.350000E+01 -6.014604E+00 4.838024E-02
-4.300000E+01 -6.149365E+00 4.508581E-02
-4.250000E+01 -6.251766E+00 1.734642E-01
-4.200000E+01 -6.090552E+00 3.146101E-02
-4.150000E+01 -6.130599E+00 7.596784E-02
-4.100000E+01 -6.078678E+00 8.341683E-02
-4.050000E+01 -6.069551E+00 6.053816E-02
-4.000000E+01 -6.063171E+00 7.669604E-02
-3.950000E+01 -6.095023E+00 1.924793E-02
-3.900000E+01 -6.096513E+00 4.206519E-02
-3.850000E+01 -6.030807E+00 4.202254E-02
-3.800000E+01 -6.060052E+00 6.176227E-02
-3.750000E+01 -6.051670E+00 9.222881E-02
-3.700000E+01 -6.072532E+00 4.357835E-02
-3.650000E+01 -5.991600E+00 6.852301E-02
-3.600000E+01 -6.018096E+00 7.237586E-02
-3.550000E+01 -5.963288E+00 4.927990E-02
-3.500000E+01 -6.091621E+00 5.738390E-02
-3.450000E+01 -6.109644E+00 6.721193E-02
-3.400000E+01 -6.085384E+00 7.533579E-02
-3.350000E+01 -6.010274E+00 4.095660E-02
-3.300000E+01 -5.941168E+00 5.463377E-02
-3.250000E+01 -6.057210E+00 2.835994E-02
-3.200000E+01 -5.990578E+00 5.436731E-02
-3.150000E+01 -5.892228E+00 4.107382E-02
-3.100000E+01 -5.870016E+00 3.510398E-02
-3.050000E+01 -5.876722E+00 5.338739E-02
-3.000000E+01 -5.894789E+00 5.982620E-02
-2.950000E+01 -5.742330E+00 7.202123E-02
-2.900000E+01 -5.834390E+00 5.778928E-02
-2.850000E+01 -5.739862E+00 3.311145E-02
-2.800000E+01 -5.703635E+00 2.753153E-02
-2.750000E+01 -5.695951E+00 3.921927E-02
-2.700000E+01 -5.624612E+00 8.946886E-02
-2.650000E+01 -5.404263E+00 5.391901E-02
-2.600000E+01 -5.179021E+00 1.005847E-01
-2.550000E+01 -4.195218E+00 1.487033E-01
-2.500000E+01 3.950228E-01 6.980836E-01
-2.450000E+01 5.627220E+00 1.185196E-01
-2.400000E+01 5.809480E+00 7.092759E-02
-2.350000E+01 6.001052E+00 9.350201E-02
-2.300000E+01 5.965848E+00 4.259238E-02
-2.250000E+01 5.946475E+00 5.723485E-02
-2.200000E+01 6.057957E+00 3.688252E-02
-2.150000E+01 6.063264E+00 6.433326E-02
-2.100000E+01 5.944939E+00 5.747354E-02
-2.050000E+01 6.047153E+00 6.079003E-02
-2.000000E+01 5.993042E+00 3.701759E-02
-1.700000E+01 6.130693E+00 2.894302E-02
-1.400000E+01 6.140658E+00 1.234951E-01
-1.100000E+01 6.236398E+00 3.853277E-02
-8.000000E+00 6.234117E+00 5.063305E-02
-5.000000E+00 6.308204E+00 2.892268E-02
-2.000000E+00 6.279519E+00 5.092140E-02
1.000000E+00 6.310391E+00 5.339729E-02
4.000000E+00 6.385084E+00 4.479537E-02
7.000000E+00 6.392069E+00 2.811894E-02
1.000000E+01 6.311137E+00 2.917823E-02
1.300000E+01 6.341917E+00 2.813323E-02
1.600000E+01 6.395979E+00 6.170897E-02
1.900000E+01 6.465642E+00 3.093199E-02
2.200000E+01 6.501918E+00 5.748691E-02
2.500000E+01 6.430857E+00 4.378144E-02
2.800000E+01 6.455678E+00 2.460425E-02
3.100000E+01 6.375537E+00 3.956271E-02
3.400000E+01 6.509928E+00 9.598390E-02
3.700000E+01 6.531859E+00 4.002545E-02
4.000000E+01 6.477891E+00 7.698540E-02
4.300000E+01 6.563990E+00 5.359445E-02
4.600000E+01 6.489673E+00 3.597591E-02
4.900000E+01 6.454747E+00 4.500643E-02
5.200000E+01 6.487807E+00 6.897144E-02
5.500000E+01 6.542431E+00 3.796128E-02
5.800000E+01 6.508297E+00 3.506990E-02
6.100000E+01 6.473186E+00 8.920699E-02
6.400000E+01 6.506203E+00 4.706159E-02
6.700000E+01 6.546576E+00 3.798776E-02
7.000000E+01 6.548112E+00 1.501198E-02
7.300000E+01 6.509974E+00 2.022602E-02
7.600000E+01 6.615168E+00 2.448194E-02
7.900000E+01 6.502617E+00 3.762301E-02
8.200000E+01 6.492744E+00 3.241113E-02
8.500000E+01 6.573677E+00 4.879121E-02
8.800000E+01 6.578473E+00 6.245514E-02
9.100000E+01 6.477144E+00 6.306571E-02
9.400000E+01 6.495025E+00 6.170837E-02
9.700000E+01 6.577821E+00 3.255163E-02
1.000000E+02 6.435655E+00 4.492393E-02
1.030000E+02 6.442081E+00 3.010807E-02
1.060000E+02 6.520776E+00 3.957875E-02
1.090000E+02 6.578008E+00 3.834815E-02
1.120000E+02 6.504108E+00 2.023983E-02
1.150000E+02 6.552023E+00 4.667022E-02
1.180000E+02 6.466201E+00 6.737711E-02
1.210000E+02 6.514584E+00 4.086071E-02
1.240000E+02 6.623363E+00 7.297041E-02
1.270000E+02 6.513887E+00 4.006630E-02
1.300000E+02 6.621686E+00 3.875805E-02
1.330000E+02 6.572512E+00 1.191816E-01
1.360000E+02 6.565435E+00 6.608153E-02
1.390000E+02 6.423919E+00 3.642104E-02
1.420000E+02 6.597471E+00 2.918536E-02
1.450000E+02 6.521803E+00 6.951155E-02
1.480000E+02 6.578102E+00 6.371605E-02
1.510000E+02 6.517424E+00 3.198152E-02
1.540000E+02 6.561988E+00 7.460213E-02
1.570000E+02 6.491300E+00 2.354476E-02
1.600000E+02 6.514398E+00 4.435566E-02
1.630000E+02 6.613583E+00 6.695484E-02
1.660000E+02 6.494048E+00 5.885115E-02
1.690000E+02 6.584107E+00 5.875004E-02
1.720000E+02 6.628857E+00 5.299176E-02
1.750000E+02 6.536376E+00 4.484697E-02
1.780000E+02 6.655773E+00 2.897365E-02
1.810000E+02 6.517517E+00 3.615494E-02
1.840000E+02 6.558125E+00 3.633110E-02
1.870000E+02 6.667739E+00 6.620056E-02
1.900000E+02 6.611488E+00 4.978921E-02
1.930000E+02 6.550066E+00 2.923694E-02
1.960000E+02 6.653072E+00 3.857869E-02
1.990000E+02 6.653259E+00 5.574636E-02
