# 
# 
# 
#  Date: Wed Jul  2 14:27:02 2025
# h, m, error_m
2.000000E+02 1.765045E+01 1.190441E-01
1.970000E+02 1.759103E+01 4.730362E-02
1.940000E+02 1.771545E+01 4.831489E-02
1.910000E+02 1.766154E+01 4.558544E-02
1.880000E+02 1.767819E+01 1.118829E-01
1.850000E+02 1.769868E+01 1.137738E-01
1.820000E+02 1.760891E+01 1.432376E-01
1.790000E+02 1.765603E+01 6.402347E-02
1.760000E+02 1.768926E+01 6.788956E-02
1.730000E+02 1.755872E+01 3.771774E-02
1.700000E+02 1.753440E+01 1.579788E-01
1.670000E+02 1.765660E+01 8.661575E-02
1.640000E+02 1.760081E+01 1.575987E-01
1.610000E+02 1.768613E+01 9.294848E-02
1.580000E+02 1.755164E+01 7.407827E-02
1.550000E+02 1.768007E+01 1.013780E-01
1.520000E+02 1.759084E+01 1.390828E-01
1.490000E+02 1.746204E+01 5.116980E-02
1.460000E+02 1.754651E+01 7.973085E-02
1.430000E+02 1.759821E+01 3.551100E-02
1.400000E+02 1.757343E+01 1.246464E-01
1.370000E+02 1.742999E+01 4.527607E-02
1.340000E+02 1.768072E+01 8.782092E-02
1.310000E+02 1.736472E+01 2.401624E-02
1.280000E+02 1.758636E+01 4.409812E-02
1.250000E+02 1.769794E+01 1.424488E-01
1.220000E+02 1.766489E+01 4.934972E-02
1.190000E+02 1.759903E+01 7.780116E-02
1.160000E+02 1.772122E+01 9.184736E-02
1.130000E+02 1.758582E+01 4.273764E-02
1.100000E+02 1.756681E+01 1.103898E-01
1.070000E+02 1.753470E+01 7.472864E-02
1.040000E+02 1.758358E+01 9.370348E-02
1.010000E+02 1.764048E+01 5.424774E-02
9.800000E+01 1.754094E+01 6.541500E-02
9.500000E+01 1.751141E+01 5.390697E-02
9.200000E+01 1.759745E+01 1.529175E-01
8.900000E+01 1.760033E+01 3.853230E-02
8.600000E+01 1.738056E+01 6.672366E-02
8.300000E+01 1.751783E+01 1.730756E-01
8.000000E+01 1.762410E+01 1.015343E-01
7.700000E+01 1.747359E+01 1.232004E-01
7.400000E+01 1.750257E+01 6.158139E-02
7.100000E+01 1.766684E+01 9.543042E-02
6.800000E+01 1.766311E+01 1.389651E-01
6.500000E+01 1.756681E+01 1.300400E-01
6.200000E+01 1.764897E+01 1.088433E-01
5.900000E+01 1.780106E+01 1.276711E-01
5.600000E+01 1.748979E+01 1.337157E-01
5.300000E+01 1.754214E+01 1.219708E-01
5.000000E+01 1.757828E+01 6.322749E-02
4.700000E+01 1.771248E+01 3.620488E-02
4.400000E+01 1.771172E+01 8.549291E-02
4.100000E+01 1.749602E+01 9.124650E-02
3.800000E+01 1.773351E+01 5.446113E-02
3.500000E+01 1.769123E+01 8.489325E-02
3.200000E+01 1.758331E+01 8.747719E-02
2.900000E+01 1.761766E+01 4.093671E-02
2.600000E+01 1.772225E+01 1.246526E-01
2.300000E+01 1.755805E+01 1.076592E-01
2.000000E+01 1.751038E+01 1.461212E-01
1.700000E+01 1.753152E+01 4.420325E-02
1.400000E+01 1.743755E+01 6.242575E-02
1.100000E+01 1.757541E+01 6.110120E-02
8.000000E+00 1.744397E+01 7.346989E-02
5.000000E+00 1.752640E+01 7.914076E-02
2.000000E+00 1.746734E+01 2.466399E-02
-1.000000E+00 1.719448E+01 1.512145E-01
-4.000000E+00 1.756543E+01 6.240005E-02
-7.000000E+00 1.746196E+01 1.143915E-01
-1.000000E+01 1.750414E+01 4.186944E-02
-1.300000E+01 1.741222E+01 1.136343E-01
-1.600000E+01 1.732644E+01 8.150225E-02
-1.900000E+01 1.724058E+01 9.530039E-02
-2.000000E+01 1.727206E+01 3.425946E-02
-2.050000E+01 1.715889E+01 1.028940E-01
-2.100000E+01 1.707220E+01 7.553450E-02
-2.150000E+01 1.713963E+01 7.512960E-02
-2.200000E+01 1.707891E+01 6.926285E-02
-2.250000E+01 1.730678E+01 7.529811E-02
-2.300000E+01 1.714194E+01 1.002080E-01
-2.350000E+01 1.707163E+01 7.021128E-02
-2.400000E+01 1.734741E+01 6.438502E-02
-2.450000E+01 1.708916E+01 1.252293E-01
-2.500000E+01 1.705458E+01 6.523243E-02
-2.550000E+01 1.703372E+01 4.547608E-02
-2.600000E+01 1.713786E+01 7.073523E-02
-2.650000E+01 1.708979E+01 2.118470E-01
-2.700000E+01 1.700887E+01 9.010321E-02
-2.750000E+01 1.721627E+01 9.889291E-02
-2.800000E+01 1.733436E+01 1.568401E-01
-2.850000E+01 1.701640E+01 5.210985E-02
-2.900000E+01 1.701447E+01 5.111082E-02
-2.950000E+01 1.700559E+01 5.721102E-02
-3.000000E+01 1.682222E+01 5.020424E-02
-3.050000E+01 1.690512E+01 1.216494E-01
-3.100000E+01 1.675760E+01 5.398211E-02
-3.150000E+01 1.712731E+01 1.325967E-01
-3.200000E+01 1.701211E+01 5.790300E-02
-3.250000E+01 1.692253E+01 1.467214E-01
-3.300000E+01 1.658261E+01 6.331380E-02
-3.350000E+01 1.676206E+01 6.065640E-02
-3.400000E+01 1.658213E+01 1.096256E-01
-3.450000E+01 1.684987E+01 1.219917E-01
-3.500000E+01 1.661929E+01 8.140991E-02
-3.550000E+01 1.654924E+01 1.639971E-02
-3.600000E+01 1.660690E+01 1.245900E-01
-3.650000E+01 1.661043E+01 1.074678E-01
-3.700000E+01 1.635182E+01 2.309643E-01
-3.750000E+01 1.627192E+01 1.056925E-01
-3.800000E+01 1.634436E+01 3.712038E-02
-3.850000E+01 1.593039E+01 8.924384E-02
-3.900000E+01 1.562007E+01 1.110779E-01
-3.950000E+01 1.445512E+01 1.938645E-01
-4.000000E+01 1.168303E+01 3.990128E-01
-4.050000E+01 4.470838E+00 8.277429E-01
-4.100000E+01 8.326077E-01 2.462728E-01
-4.150000E+01 3.105046E-01 9.716310E-02
-4.200000E+01 -1.154194E+00 6.012603E-01
-4.250000E+01 -9.832016E+00 1.167866E+00
-4.300000E+01 -1.426643E+01 3.482160E-01
-4.350000E+01 -1.523856E+01 1.066865E-01
-4.400000E+01 -1.521352E+01 4.735987E-02
-4.450000E+01 -1.539468E+01 8.116312E-02
-4.500000E+01 -1.548726E+01 7.762845E-02
-4.550000E+01 -1.567790E+01 6.236236E-02
-4.600000E+01 -1.565630E+01 2.469356E-02
-4.650000E+01 -1.568295E+01 1.092363E-01
-4.700000E+01 -1.571461E+01 6.402948E-02
-4.750000E+01 -1.563300E+01 1.372988E-01
-4.800000E+01 -1.569262E+01 1.492300E-01
-4.850000E+01 -1.567642E+01 1.814684E-01
-4.900000E+01 -1.576087E+01 1.362207E-01
-4.950000E+01 -1.573499E+01 6.181648E-02
-5.000000E+01 -1.565928E+01 9.972401E-02
-5.050000E+01 -1.572643E+01 8.552513E-02
-5.100000E+01 -1.598059E+01 1.373019E-01
-5.150000E+01 -1.568311E+01 9.346267E-02
-5.200000E+01 -1.556308E+01 1.915375E-01
-5.250000E+01 -1.570809E+01 4.214566E-02
-5.300000E+01 -1.587786E+01 5.575870E-02
-5.350000E+01 -1.574310E+01 9.412175E-02
-5.400000E+01 -1.583653E+01 6.275177E-02
-5.450000E+01 -1.565733E+01 4.203627E-02
-5.500000E+01 -1.565517E+01 5.240958E-02
-5.550000E+01 -1.588811E+01 8.280563E-02
-5.600000E+01 -1.585698E+01 5.957754E-02
-5.650000E+01 -1.578807E+01 7.839372E-02
-5.700000E+01 -1.572140E+01 1.231074E-01
-5.750000E+01 -1.582682E+01 7.676955E-02
-5.800000E+01 -1.581145E+01 3.571692E-02
-5.850000E+01 -1.576368E+01 1.185157E-01
-5.900000E+01 -1.585431E+01 9.189291E-02
-5.950000E+01 -1.591027E+01 1.095538E-01
-6.000000E+01 -1.575206E+01 8.088839E-02
-6.300000E+01 -1.569933E+01 7.306700E-02
-6.600000E+01 -1.579013E+01 6.257973E-02
-6.900000E+01 -1.587806E+01 8.825428E-02
-7.200000E+01 -1.598368E+01 1.169194E-01
-7.500000E+01 -1.592983E+01 3.530975E-02
-7.800000E+01 -1.593569E+01 1.448975E-01
-8.100000E+01 -1.606368E+01 1.227925E-01
-8.400000E+01 -1.613221E+01 6.863826E-02
-8.700000E+01 -1.617457E+01 1.500655E-01
-9.000000E+01 -1.610986E+01 1.342079E-01
-9.300000E+01 -1.629741E+01 1.100376E-01
-9.600000E+01 -1.641255E+01 6.633850E-02
-9.900000E+01 -1.641244E+01 9.651571E-02
-1.020000E+02 -1.638207E+01 1.165075E-01
-1.050000E+02 -1.640107E+01 1.083882E-01
-1.080000E+02 -1.614853E+01 8.402575E-02
-1.110000E+02 -1.648443E+01 6.844335E-02
-1.140000E+02 -1.651488E+01 1.433329E-01
-1.170000E+02 -1.645325E+01 4.807703E-02
-1.200000E+02 -1.641635E+01 9.107491E-02
-1.230000E+02 -1.648928E+01 3.485492E-02
-1.260000E+02 -1.647372E+01 8.034921E-02
-1.290000E+02 -1.646524E+01 8.722251E-02
-1.320000E+02 -1.659108E+01 7.907392E-02
-1.350000E+02 -1.644039E+01 1.915930E-01
-1.380000E+02 -1.645873E+01 1.267220E-01
-1.410000E+02 -1.650593E+01 4.364885E-02
-1.440000E+02 -1.664489E+01 7.185294E-02
-1.470000E+02 -1.669511E+01 1.945192E-01
-1.500000E+02 -1.662085E+01 9.450385E-02
-1.530000E+02 -1.668661E+01 7.988879E-02
-1.560000E+02 -1.670794E+01 6.973190E-02
-1.590000E+02 -1.667368E+01 7.950104E-02
-1.620000E+02 -1.678907E+01 7.802898E-02
-1.650000E+02 -1.674920E+01 8.094309E-02
-1.680000E+02 -1.686246E+01 1.358964E-01
-1.710000E+02 -1.686869E+01 7.605898E-02
-1.740000E+02 -1.677614E+01 6.381702E-02
-1.770000E+02 -1.702461E+01 1.260953E-01
-1.800000E+02 -1.694768E+01 3.774183E-02
-1.830000E+02 -1.699396E+01 1.251683E-01
-1.860000E+02 -1.711401E+01 4.180070E-02
-1.890000E+02 -1.714110E+01 6.004970E-02
-1.920000E+02 -1.724634E+01 1.480381E-01
-1.950000E+02 -1.724477E+01 2.559297E-02
-1.980000E+02 -1.742497E+01 6.723820E-02
-2.000000E+02 -1.735000E+01 9.808929E-02
-1.970000E+02 -1.747778E+01 1.089760E-01
-1.940000E+02 -1.733017E+01 2.095417E-01
-1.910000E+02 -1.737504E+01 1.385217E-01
-1.880000E+02 -1.755061E+01 3.972363E-02
-1.850000E+02 -1.729068E+01 1.078319E-01
-1.820000E+02 -1.729133E+01 7.689835E-02
-1.790000E+02 -1.731574E+01 2.616365E-02
-1.760000E+02 -1.751578E+01 5.113349E-02
-1.730000E+02 -1.727047E+01 1.002351E-01
-1.700000E+02 -1.740494E+01 9.675038E-02
-1.670000E+02 -1.759429E+01 1.028562E-01
-1.640000E+02 -1.724215E+01 8.769469E-02
-1.610000E+02 -1.745218E+01 1.143639E-01
-1.580000E+02 -1.756775E+01 1.416085E-01
-1.550000E+02 -1.755360E+01 1.170183E-01
-1.520000E+02 -1.734599E+01 3.787314E-02
-1.490000E+02 -1.742201E+01 8.157186E-02
-1.460000E+02 -1.730930E+01 1.239965E-01
-1.430000E+02 -1.738081E+01 8.889104E-02
-1.400000E+02 -1.717921E+01 1.591709E-01
-1.370000E+02 -1.752815E+01 6.884977E-02
-1.340000E+02 -1.743084E+01 3.987641E-02
-1.310000E+02 -1.737888E+01 1.709541E-01
-1.280000E+02 -1.746866E+01 6.462472E-02
-1.250000E+02 -1.740877E+01 1.260525E-01
-1.220000E+02 -1.751933E+01 1.314499E-01
-1.190000E+02 -1.739993E+01 1.274574E-01
-1.160000E+02 -1.740931E+01 1.088354E-01
-1.130000E+02 -1.735334E+01 6.714368E-02
-1.100000E+02 -1.744426E+01 1.946553E-01
-1.070000E+02 -1.758610E+01 1.480295E-01
-1.040000E+02 -1.752508E+01 1.410226E-01
-1.010000E+02 -1.748506E+01 9.583315E-02
-9.800000E+01 -1.736286E+01 1.745570E-01
-9.500000E+01 -1.753887E+01 1.187150E-01
-9.200000E+01 -1.747433E+01 8.307965E-02
-8.900000E+01 -1.749807E+01 4.810882E-02
-8.600000E+01 -1.737933E+01 9.732765E-02
-8.300000E+01 -1.751437E+01 6.508806E-02
-8.000000E+01 -1.763910E+01 7.149189E-02
-7.700000E+01 -1.761980E+01 1.082319E-01
-7.400000E+01 -1.752137E+01 1.122337E-01
-7.100000E+01 -1.751440E+01 9.362326E-02
-6.800000E+01 -1.732767E+01 9.291371E-02
-6.500000E+01 -1.743493E+01 1.004960E-01
-6.200000E+01 -1.741667E+01 5.903292E-02
-6.000000E+01 -1.754931E+01 9.778613E-02
-5.950000E+01 -1.754725E+01 1.024796E-01
-5.900000E+01 -1.752099E+01 1.135244E-01
-5.850000E+01 -1.753814E+01 1.305838E-01
-5.800000E+01 -1.752509E+01 9.159158E-02
-5.750000E+01 -1.756765E+01 3.118096E-02
-5.700000E+01 -1.747546E+01 9.183825E-02
-5.650000E+01 -1.744351E+01 1.439655E-01
-5.600000E+01 -1.763480E+01 9.415354E-02
-5.550000E+01 -1.765473E+01 5.791950E-02
-5.500000E+01 -1.746084E+01 1.583753E-01
-5.450000E+01 -1.762009E+01 5.552982E-02
-5.400000E+01 -1.742005E+01 4.734007E-02
-5.350000E+01 -1.747061E+01 6.997019E-02
-5.300000E+01 -1.736099E+01 8.001154E-02
-5.250000E+01 -1.736212E+01 1.317475E-01
-5.200000E+01 -1.744025E+01 1.055314E-01
-5.150000E+01 -1.739313E+01 4.591205E-02
-5.100000E+01 -1.746855E+01 1.224379E-01
-5.050000E+01 -1.736128E+01 4.764483E-02
-5.000000E+01 -1.754037E+01 7.653567E-02
-4.950000E+01 -1.751289E+01 7.916435E-02
-4.900000E+01 -1.740467E+01 9.779878E-02
-4.850000E+01 -1.752294E+01 5.775537E-02
-4.800000E+01 -1.742360E+01 6.732744E-02
-4.750000E+01 -1.764542E+01 1.227254E-01
-4.700000E+01 -1.761162E+01 1.243887E-01
-4.650000E+01 -1.743085E+01 9.613204E-02
-4.600000E+01 -1.737068E+01 1.010012E-01
-4.550000E+01 -1.753227E+01 1.178658E-01
-4.500000E+01 -1.751074E+01 6.298992E-02
-4.450000E+01 -1.752091E+01 9.330941E-02
-4.400000E+01 -1.740532E+01 9.269572E-02
-4.350000E+01 -1.758947E+01 9.505157E-02
-4.300000E+01 -1.743913E+01 1.623676E-01
-4.250000E+01 -1.760704E+01 4.662562E-02
-4.200000E+01 -1.756039E+01 1.248964E-01
-4.150000E+01 -1.741156E+01 4.659593E-02
-4.100000E+01 -1.753291E+01 6.878864E-02
-4.050000E+01 -1.740448E+01 1.184803E-01
-4.000000E+01 -1.741212E+01 1.267722E-01
-3.950000E+01 -1.748738E+01 1.577610E-01
-3.900000E+01 -1.749855E+01 3.601745E-02
-3.850000E+01 -1.751419E+01 1.205348E-01
-3.800000E+01 -1.754336E+01 9.339876E-02
-3.750000E+01 -1.741091E+01 7.004052E-02
-3.700000E+01 -1.738344E+01 1.134400E-01
-3.650000E+01 -1.729637E+01 5.090269E-02
-3.600000E+01 -1.759243E+01 1.010641E-01
-3.550000E+01 -1.753572E+01 9.760174E-02
-3.500000E+01 -1.742236E+01 8.452358E-02
-3.450000E+01 -1.736137E+01 1.745593E-01
-3.400000E+01 -1.721515E+01 8.684043E-02
-3.350000E+01 -1.745813E+01 4.045837E-02
-3.300000E+01 -1.732997E+01 1.251366E-01
-3.250000E+01 -1.742918E+01 4.460925E-02
-3.200000E+01 -1.731136E+01 1.346739E-01
-3.150000E+01 -1.718180E+01 1.217069E-01
-3.100000E+01 -1.709965E+01 1.122228E-01
-3.050000E+01 -1.690855E+01 7.772643E-02
-3.000000E+01 -1.667534E+01 3.474755E-02
-2.950000E+01 -1.633226E+01 3.933076E-02
-2.900000E+01 -1.554817E+01 8.565510E-02
-2.850000E+01 -1.460349E+01 1.488486E-01
-2.800000E+01 -1.308924E+01 5.364334E-02
-2.750000E+01 -1.011990E+01 4.316310E-01
-2.700000E+01 -5.185167E+00 8.921278E-01
-2.650000E+01 1.614924E+00 7.094735E-01
-2.600000E+01 5.884964E+00 5.821792E-01
-2.550000E+01 1.127112E+01 1.590435E+00
-2.500000E+01 1.536332E+01 5.266917E-02
-2.450000E+01 1.569282E+01 1.016036E-01
-2.400000E+01 1.596643E+01 1.688761E-01
-2.350000E+01 1.583382E+01 1.181930E-01
-2.300000E+01 1.598934E+01 8.740327E-02
-2.250000E+01 1.585636E+01 8.368020E-02
-2.200000E+01 1.617160E+01 6.714733E-02
-2.150000E+01 1.614394E+01 1.281809E-01
-2.100000E+01 1.601600E+01 1.117086E-01
-2.050000E+01 1.600826E+01 7.320760E-02
-2.000000E+01 1.622591E+01 7.850097E-02
-1.700000E+01 1.626520E+01 1.294649E-01
-1.400000E+01 1.636086E+01 7.914721E-02
-1.100000E+01 1.646888E+01 1.116925E-01
-8.000000E+00 1.652409E+01 1.562980E-01
-5.000000E+00 1.662889E+01 1.127699E-01
-2.000000E+00 1.660448E+01 3.890992E-02
1.000000E+00 1.656220E+01 1.024839E-01
4.000000E+00 1.660038E+01 8.152306E-02
7.000000E+00 1.675890E+01 8.070561E-02
1.000000E+01 1.687261E+01 9.224084E-02
1.300000E+01 1.678105E+01 6.967654E-02
1.600000E+01 1.697544E+01 1.580232E-01
1.900000E+01 1.723889E+01 1.256575E-01
2.200000E+01 1.667107E+01 5.113120E-02
2.500000E+01 1.683098E+01 1.169927E-01
2.800000E+01 1.691218E+01 1.776810E-01
3.100000E+01 1.694367E+01 5.861341E-02
3.400000E+01 1.693276E+01 9.839043E-02
3.700000E+01 1.700738E+01 9.535127E-02
4.000000E+01 1.687950E+01 1.587020E-01
4.300000E+01 1.713392E+01 6.066015E-02
4.600000E+01 1.717779E+01 1.749545E-01
4.900000E+01 1.703690E+01 6.264216E-02
5.200000E+01 1.711429E+01 1.650660E-01
5.500000E+01 1.716299E+01 8.927235E-02
5.800000E+01 1.714473E+01 7.321806E-02
6.100000E+01 1.703943E+01 6.465806E-02
6.400000E+01 1.724115E+01 1.082077E-01
6.700000E+01 1.705012E+01 1.506903E-01
7.000000E+01 1.722279E+01 2.158905E-01
7.300000E+01 1.710235E+01 1.028920E-01
7.600000E+01 1.716541E+01 6.037976E-02
7.900000E+01 1.727596E+01 8.763890E-02
8.200000E+01 1.724012E+01 1.101253E-01
8.500000E+01 1.745134E+01 1.269227E-01
8.800000E+01 1.751038E+01 8.017164E-02
9.100000E+01 1.740719E+01 4.241310E-02
9.400000E+01 1.733605E+01 9.845812E-02
9.700000E+01 1.731275E+01 8.141317E-02
1.000000E+02 1.732840E+01 1.453022E-01
1.030000E+02 1.747091E+01 1.206889E-01
1.060000E+02 1.748374E+01 8.145544E-02
1.090000E+02 1.724568E+01 1.190938E-01
1.120000E+02 1.750637E+01 1.056511E-01
1.150000E+02 1.761870E+01 1.139337E-01
1.180000E+02 1.737636E+01 5.446260E-02
1.210000E+02 1.757836E+01 6.494995E-02
1.240000E+02 1.756663E+01 7.833726E-02
1.270000E+02 1.761337E+01 6.578770E-02
1.300000E+02 1.773053E+01 5.111597E-02
1.330000E+02 1.772328E+01 9.506943E-02
1.360000E+02 1.764317E+01 1.015582E-01
1.390000E+02 1.766990E+01 3.665905E-02
1.420000E+02 1.768089E+01 9.721112E-02
1.450000E+02 1.774116E+01 5.141084E-02
1.480000E+02 1.781092E+01 7.917488E-02
1.510000E+02 1.784238E+01 9.409084E-02
1.540000E+02 1.786427E+01 9.713395E-02
1.570000E+02 1.796067E+01 8.185262E-02
1.600000E+02 1.793552E+01 1.009468E-01
1.630000E+02 1.779992E+01 2.112420E-01
1.660000E+02 1.791857E+01 9.544506E-02
1.690000E+02 1.802289E+01 4.344727E-02
1.720000E+02 1.796579E+01 9.074719E-02
1.750000E+02 1.808473E+01 1.340726E-01
1.780000E+02 1.810502E+01 1.878142E-01
1.810000E+02 1.801404E+01 6.305068E-02
1.840000E+02 1.807371E+01 8.718561E-02
1.870000E+02 1.803368E+01 6.714648E-02
1.900000E+02 1.823970E+01 4.339401E-02
1.930000E+02 1.803509E+01 7.267506E-02
1.960000E+02 1.800518E+01 5.448858E-02
1.990000E+02 1.817525E+01 7.061150E-02
