# 
# 
# 
#  Date: Wed Jul  2 15:04:47 2025
# h, m, error_m
2.000000E+02 1.614496E+01 7.286519E-02
1.970000E+02 1.616034E+01 5.168143E-02
1.940000E+02 1.619870E+01 3.212538E-02
1.910000E+02 1.608872E+01 2.126564E-02
1.880000E+02 1.614190E+01 6.565426E-02
1.850000E+02 1.612457E+01 2.790129E-02
1.820000E+02 1.621472E+01 4.458692E-02
1.790000E+02 1.621658E+01 1.132414E-01
1.760000E+02 1.625271E+01 7.760771E-02
1.730000E+02 1.607793E+01 7.036363E-02
1.700000E+02 1.620894E+01 9.580023E-02
1.670000E+02 1.607669E+01 6.870161E-02
1.640000E+02 1.612186E+01 6.395790E-02
1.610000E+02 1.619721E+01 3.319839E-02
1.580000E+02 1.619228E+01 4.035509E-02
1.550000E+02 1.623474E+01 3.429269E-02
1.520000E+02 1.615195E+01 8.366265E-02
1.490000E+02 1.610753E+01 8.832036E-02
1.460000E+02 1.625085E+01 3.465796E-02
1.430000E+02 1.614953E+01 6.585305E-02
1.400000E+02 1.620783E+01 4.393275E-02
1.370000E+02 1.614394E+01 5.306455E-02
1.340000E+02 1.623623E+01 6.497022E-02
1.310000E+02 1.612308E+01 6.567958E-02
1.280000E+02 1.613109E+01 5.698566E-02
1.250000E+02 1.618351E+01 4.944865E-02
1.220000E+02 1.604969E+01 4.276939E-02
1.190000E+02 1.611144E+01 5.531714E-02
1.160000E+02 1.614422E+01 4.059972E-02
1.130000E+02 1.614255E+01 1.284313E-01
1.100000E+02 1.615242E+01 6.780998E-02
1.070000E+02 1.617215E+01 5.782744E-02
1.040000E+02 1.604756E+01 4.612952E-02
1.010000E+02 1.609980E+01 6.816374E-02
9.800000E+01 1.608117E+01 5.745593E-02
9.500000E+01 1.622124E+01 5.158805E-02
9.200000E+01 1.606067E+01 3.057542E-02
8.900000E+01 1.612979E+01 2.737972E-02
8.600000E+01 1.607064E+01 7.643260E-02
8.300000E+01 1.614535E+01 7.206622E-02
8.000000E+01 1.613724E+01 4.030154E-02
7.700000E+01 1.620065E+01 4.680558E-02
7.400000E+01 1.614869E+01 5.430888E-02
7.100000E+01 1.608136E+01 9.130390E-02
6.800000E+01 1.610492E+01 2.643346E-02
6.500000E+01 1.609775E+01 5.120432E-02
6.200000E+01 1.605875E+01 3.598684E-02
5.900000E+01 1.609663E+01 5.531427E-02
5.600000E+01 1.614590E+01 4.123484E-02
5.300000E+01 1.609225E+01 2.393438E-02
5.000000E+01 1.616639E+01 6.834261E-02
4.700000E+01 1.620420E+01 2.982797E-02
4.400000E+01 1.610343E+01 5.878279E-02
4.100000E+01 1.621984E+01 3.092993E-02
3.800000E+01 1.614691E+01 1.170012E-02
3.500000E+01 1.606618E+01 3.901597E-02
3.200000E+01 1.623177E+01 4.100503E-02
2.900000E+01 1.630459E+01 5.109247E-02
2.600000E+01 1.612960E+01 5.666821E-02
2.300000E+01 1.621669E+01 5.251452E-02
2.000000E+01 1.622943E+01 8.752717E-02
1.700000E+01 1.610557E+01 7.182181E-02
1.400000E+01 1.624872E+01 8.300421E-02
1.100000E+01 1.621806E+01 6.644424E-02
8.000000E+00 1.619758E+01 4.579246E-02
5.000000E+00 1.627945E+01 7.347913E-02
2.000000E+00 1.624806E+01 6.946134E-02
-1.000000E+00 1.628738E+01 2.594613E-02
-4.000000E+00 1.633320E+01 2.001365E-02
-7.000000E+00 1.633942E+01 3.252026E-02
-1.000000E+01 1.625933E+01 1.025242E-02
-1.300000E+01 1.616619E+01 7.816325E-02
-1.600000E+01 1.619573E+01 1.134613E-01
-1.900000E+01 1.619619E+01 3.766400E-02
-2.200000E+01 1.631473E+01 2.342072E-02
-2.500000E+01 1.627555E+01 3.057212E-02
-2.800000E+01 1.627313E+01 3.987511E-02
-3.000000E+01 1.630590E+01 2.536222E-02
-3.050000E+01 1.637826E+01 8.268041E-02
-3.100000E+01 1.634529E+01 5.276769E-02
-3.150000E+01 1.627684E+01 7.637696E-03
-3.200000E+01 1.644662E+01 4.529194E-02
-3.250000E+01 1.625320E+01 3.332561E-02
-3.300000E+01 1.635637E+01 2.252306E-02
-3.350000E+01 1.629518E+01 6.728686E-02
-3.400000E+01 1.619525E+01 3.581291E-02
-3.450000E+01 1.619992E+01 3.353481E-02
-3.500000E+01 1.620476E+01 4.835076E-02
-3.550000E+01 1.596569E+01 9.877607E-02
-3.600000E+01 1.583297E+01 7.874959E-02
-3.650000E+01 1.548790E+01 3.760670E-02
-3.700000E+01 1.430797E+01 1.485166E-01
-3.750000E+01 1.055232E+01 7.457311E-01
-3.800000E+01 6.052881E+00 1.856968E-01
-3.850000E+01 3.236371E-01 9.697231E-01
-3.900000E+01 -3.670827E+00 1.569047E-01
-3.950000E+01 -3.911397E+00 6.404571E-02
-4.000000E+01 -4.076893E+00 6.657344E-02
-4.050000E+01 -7.814400E+00 9.077494E-01
-4.100000E+01 -1.288276E+01 9.492486E-02
-4.150000E+01 -1.352064E+01 7.280389E-02
-4.200000E+01 -1.382060E+01 1.415797E-02
-4.250000E+01 -1.395359E+01 4.895581E-02
-4.300000E+01 -1.403285E+01 6.389309E-02
-4.350000E+01 -1.399718E+01 7.705246E-02
-4.400000E+01 -1.412926E+01 3.416355E-02
-4.450000E+01 -1.410969E+01 2.692138E-02
-4.500000E+01 -1.419174E+01 6.825204E-02
-4.550000E+01 -1.411193E+01 5.185723E-02
-4.600000E+01 -1.429579E+01 6.976170E-02
-4.650000E+01 -1.420134E+01 6.908871E-02
-4.700000E+01 -1.435296E+01 6.869952E-02
-4.750000E+01 -1.433012E+01 4.960421E-02
-4.800000E+01 -1.426932E+01 6.324104E-02
-4.850000E+01 -1.437940E+01 6.462151E-02
-4.900000E+01 -1.433041E+01 3.642756E-02
-4.950000E+01 -1.445512E+01 9.571867E-02
-5.000000E+01 -1.437799E+01 2.896503E-02
-5.300000E+01 -1.441935E+01 6.361632E-02
-5.600000E+01 -1.439896E+01 3.057948E-02
-5.900000E+01 -1.442588E+01 2.616883E-02
-6.200000E+01 -1.453773E+01 2.502035E-02
-6.500000E+01 -1.454881E+01 3.110162E-02
-6.800000E+01 -1.453790E+01 3.895382E-02
-7.100000E+01 -1.447625E+01 5.387176E-02
-7.400000E+01 -1.467473E+01 4.360142E-02
-7.700000E+01 -1.476320E+01 2.411444E-02
-8.000000E+01 -1.472408E+01 3.575239E-02
-8.300000E+01 -1.477884E+01 4.402836E-02
-8.600000E+01 -1.483210E+01 3.645625E-02
-8.900000E+01 -1.470015E+01 7.025652E-02
-9.200000E+01 -1.475183E+01 5.289945E-02
-9.500000E+01 -1.475369E+01 4.149683E-02
-9.800000E+01 -1.479487E+01 5.019938E-02
-1.010000E+02 -1.481406E+01 9.837468E-02
-1.040000E+02 -1.475771E+01 3.448140E-02
-1.070000E+02 -1.492653E+01 2.900211E-02
-1.100000E+02 -1.481264E+01 4.539229E-02
-1.130000E+02 -1.480659E+01 3.558310E-02
-1.160000E+02 -1.489732E+01 2.104399E-02
-1.190000E+02 -1.483966E+01 6.296823E-02
-1.220000E+02 -1.488306E+01 7.859787E-02
-1.250000E+02 -1.489834E+01 5.658907E-02
-1.280000E+02 -1.498251E+01 4.477458E-02
-1.310000E+02 -1.478918E+01 2.382003E-02
-1.340000E+02 -1.483510E+01 3.230359E-02
-1.370000E+02 -1.496604E+01 7.387367E-02
-1.400000E+02 -1.488053E+01 3.424307E-02
-1.430000E+02 -1.487392E+01 4.117137E-02
-1.460000E+02 -1.496846E+01 5.843340E-02
-1.490000E+02 -1.487775E+01 8.718576E-02
-1.520000E+02 -1.494918E+01 3.547551E-02
-1.550000E+02 -1.484386E+01 7.495736E-02
-1.580000E+02 -1.499620E+01 3.979480E-02
-1.610000E+02 -1.503253E+01 3.801042E-02
-1.640000E+02 -1.488178E+01 3.748645E-02
-1.670000E+02 -1.499771E+01 3.863140E-02
-1.700000E+02 -1.502808E+01 4.935603E-02
-1.730000E+02 -1.499649E+01 4.502265E-02
-1.760000E+02 -1.499742E+01 5.893384E-02
-1.790000E+02 -1.500748E+01 6.008522E-02
-1.820000E+02 -1.507333E+01 2.249356E-02
-1.850000E+02 -1.502277E+01 3.816014E-02
-1.880000E+02 -1.504623E+01 5.574135E-02
-1.910000E+02 -1.506232E+01 9.616993E-02
-1.940000E+02 -1.507082E+01 3.555145E-02
-1.970000E+02 -1.493689E+01 5.338216E-02
-2.000000E+02 -1.498121E+01 2.409612E-02
-1.970000E+02 -1.506532E+01 6.978428E-02
-1.940000E+02 -1.498875E+01 3.320489E-02
-1.910000E+02 -1.505834E+01 3.650450E-02
-1.880000E+02 -1.502507E+01 2.212266E-02
-1.850000E+02 -1.507146E+01 5.431310E-02
-1.820000E+02 -1.512520E+01 4.756780E-02
-1.790000E+02 -1.497404E+01 2.700271E-02
-1.760000E+02 -1.499295E+01 3.022341E-02
-1.730000E+02 -1.497453E+01 5.802517E-02
-1.700000E+02 -1.503915E+01 3.777164E-02
-1.670000E+02 -1.505107E+01 5.442441E-02
-1.640000E+02 -1.507443E+01 7.538411E-02
-1.610000E+02 -1.498810E+01 3.632701E-02
-1.580000E+02 -1.500367E+01 2.709281E-02
-1.550000E+02 -1.496632E+01 6.621487E-02
-1.520000E+02 -1.503729E+01 2.198806E-02
-1.490000E+02 -1.485436E+01 3.224172E-02
-1.460000E+02 -1.502229E+01 4.960888E-02
-1.430000E+02 -1.499100E+01 5.549431E-02
-1.400000E+02 -1.493121E+01 5.553011E-02
-1.370000E+02 -1.496772E+01 4.251336E-02
-1.340000E+02 -1.503115E+01 5.161210E-02
-1.310000E+02 -1.498552E+01 6.142151E-02
-1.280000E+02 -1.502156E+01 3.578341E-02
-1.250000E+02 -1.494910E+01 2.054828E-02
-1.220000E+02 -1.502184E+01 8.885835E-02
-1.190000E+02 -1.500683E+01 7.449969E-02
-1.160000E+02 -1.490774E+01 7.157283E-02
-1.130000E+02 -1.497665E+01 1.515218E-02
-1.100000E+02 -1.497323E+01 2.579357E-02
-1.070000E+02 -1.489032E+01 1.003776E-01
-1.040000E+02 -1.488630E+01 4.837832E-02
-1.010000E+02 -1.489535E+01 7.454822E-02
-9.800000E+01 -1.495757E+01 5.942047E-02
-9.500000E+01 -1.487776E+01 2.210186E-02
-9.200000E+01 -1.478900E+01 9.591646E-02
-8.900000E+01 -1.494891E+01 6.153089E-02
-8.600000E+01 -1.495524E+01 3.946422E-02
-8.300000E+01 -1.493149E+01 4.018240E-02
-8.000000E+01 -1.487430E+01 3.637474E-02
-7.700000E+01 -1.480790E+01 7.101052E-02
-7.400000E+01 -1.493643E+01 4.860138E-02
-7.100000E+01 -1.491408E+01 4.254480E-02
-6.800000E+01 -1.485344E+01 8.284953E-02
-6.500000E+01 -1.486033E+01 5.206665E-02
-6.200000E+01 -1.495656E+01 6.683329E-02
-5.900000E+01 -1.471514E+01 2.946751E-02
-5.600000E+01 -1.474216E+01 2.816268E-02
-5.300000E+01 -1.479048E+01 8.833193E-02
-5.000000E+01 -1.478275E+01 1.833675E-02
-4.700000E+01 -1.463645E+01 8.836058E-02
-4.400000E+01 -1.466186E+01 3.553216E-02
-4.100000E+01 -1.460664E+01 4.989894E-02
-4.000000E+01 -1.454265E+01 4.902969E-02
-3.950000E+01 -1.454647E+01 4.674067E-02
-3.900000E+01 -1.445753E+01 2.398900E-02
-3.850000E+01 -1.449107E+01 6.460399E-02
-3.800000E+01 -1.449247E+01 1.279735E-02
-3.750000E+01 -1.439709E+01 4.865995E-02
-3.700000E+01 -1.438526E+01 4.585406E-02
-3.650000E+01 -1.432121E+01 1.921143E-02
-3.600000E+01 -1.426690E+01 1.977286E-02
-3.550000E+01 -1.434503E+01 2.449976E-02
-3.500000E+01 -1.425907E+01 1.007058E-01
-3.450000E+01 -1.417003E+01 1.861758E-02
-3.400000E+01 -1.415000E+01 4.019692E-02
-3.350000E+01 -1.413382E+01 3.274257E-02
-3.300000E+01 -1.406172E+01 4.970788E-02
-3.250000E+01 -1.403369E+01 3.981202E-02
-3.200000E+01 -1.386353E+01 3.202118E-02
-3.150000E+01 -1.375354E+01 5.190328E-02
-3.100000E+01 -1.357109E+01 1.890092E-02
-3.050000E+01 -1.344835E+01 8.551905E-02
-3.000000E+01 -1.294906E+01 7.393776E-02
-2.950000E+01 -1.197509E+01 6.497226E-02
-2.900000E+01 -9.651267E+00 4.424964E-01
-2.850000E+01 -4.457338E+00 4.074896E-01
-2.800000E+01 -2.248784E+00 3.332453E-01
-2.750000E+01 5.036436E+00 2.621544E-01
-2.700000E+01 5.617301E+00 2.238029E-02
-2.650000E+01 7.232132E+00 7.730203E-01
-2.600000E+01 1.258865E+01 5.152682E-01
-2.550000E+01 1.498318E+01 6.455365E-02
-2.500000E+01 1.501327E+01 5.982750E-02
-2.450000E+01 1.518546E+01 3.911453E-02
-2.400000E+01 1.516276E+01 1.192274E-01
-2.350000E+01 1.530099E+01 3.879921E-02
-2.300000E+01 1.525255E+01 4.546225E-02
-2.250000E+01 1.529187E+01 3.605277E-02
-2.200000E+01 1.523939E+01 3.997968E-02
-2.150000E+01 1.528544E+01 3.492103E-02
-2.100000E+01 1.527957E+01 5.850386E-02
-2.050000E+01 1.532233E+01 6.150325E-02
-2.000000E+01 1.526726E+01 2.510738E-02
-1.700000E+01 1.527273E+01 6.567461E-02
-1.400000E+01 1.514813E+01 3.483585E-02
-1.100000E+01 1.526233E+01 2.300983E-02
-8.000000E+00 1.512753E+01 2.778003E-02
-5.000000E+00 1.511542E+01 8.040096E-02
-2.000000E+00 1.515734E+01 3.285828E-02
1.000000E+00 1.517242E+01 5.758913E-02
4.000000E+00 1.508432E+01 3.597379E-02
7.000000E+00 1.511608E+01 1.046163E-01
1.000000E+01 1.526438E+01 6.481662E-02
1.300000E+01 1.521603E+01 8.295599E-02
1.600000E+01 1.511813E+01 9.345870E-02
1.900000E+01 1.521862E+01 3.601349E-02
2.200000E+01 1.517094E+01 7.613649E-02
2.500000E+01 1.525803E+01 8.217002E-02
2.800000E+01 1.518072E+01 2.245653E-02
3.100000E+01 1.515444E+01 6.000200E-02
3.400000E+01 1.516701E+01 2.709939E-02
3.700000E+01 1.526289E+01 4.346480E-02
4.000000E+01 1.519899E+01 6.331283E-02
4.300000E+01 1.523595E+01 5.507243E-02
4.600000E+01 1.516422E+01 7.546237E-02
4.900000E+01 1.514617E+01 8.859385E-02
5.200000E+01 1.519142E+01 4.460091E-02
5.500000E+01 1.523483E+01 2.334601E-02
5.800000E+01 1.523249E+01 4.341549E-02
6.100000E+01 1.513061E+01 3.799627E-02
6.400000E+01 1.521276E+01 3.424868E-02
6.700000E+01 1.510535E+01 4.468325E-02
7.000000E+01 1.512056E+01 2.920429E-02
7.300000E+01 1.522709E+01 2.797915E-02
7.600000E+01 1.510013E+01 6.538529E-02
7.900000E+01 1.510043E+01 3.295084E-02
8.200000E+01 1.519657E+01 7.266617E-02
8.500000E+01 1.516209E+01 5.537690E-02
8.800000E+01 1.515734E+01 5.222230E-02
9.100000E+01 1.522803E+01 4.258206E-02
9.400000E+01 1.515630E+01 5.274334E-02
9.700000E+01 1.516572E+01 4.806316E-02
1.000000E+02 1.526352E+01 5.399551E-02
1.030000E+02 1.515732E+01 3.714792E-02
1.060000E+02 1.525701E+01 7.419046E-02
1.090000E+02 1.511476E+01 6.744241E-02
1.120000E+02 1.519310E+01 6.472650E-02
1.150000E+02 1.513061E+01 8.307013E-02
1.180000E+02 1.516376E+01 2.655233E-02
1.210000E+02 1.522964E+01 7.097491E-02
1.240000E+02 1.524442E+01 9.955129E-02
1.270000E+02 1.521881E+01 6.017412E-02
1.300000E+02 1.519600E+01 4.938901E-02
1.330000E+02 1.516750E+01 7.565724E-02
1.360000E+02 1.529456E+01 7.632907E-02
1.390000E+02 1.528793E+01 1.003049E-01
1.420000E+02 1.529893E+01 5.823051E-02
1.450000E+02 1.532166E+01 5.185154E-02
1.480000E+02 1.537552E+01 5.940441E-02
1.510000E+02 1.533191E+01 3.565789E-02
1.540000E+02 1.523538E+01 2.342801E-02
1.570000E+02 1.526483E+01 6.143841E-02
1.600000E+02 1.526147E+01 6.255682E-02
1.630000E+02 1.529633E+01 7.278187E-02
1.660000E+02 1.530278E+01 1.182352E-02
1.690000E+02 1.521611E+01 2.381312E-02
1.720000E+02 1.530827E+01 2.043458E-02
1.750000E+02 1.530361E+01 5.256349E-02
1.780000E+02 1.531559E+01 8.613316E-02
1.810000E+02 1.532399E+01 3.891669E-02
1.840000E+02 1.519102E+01 4.235733E-02
1.870000E+02 1.530900E+01 2.046446E-02
1.900000E+02 1.521547E+01 4.822379E-02
1.930000E+02 1.520744E+01 3.866270E-02
1.960000E+02 1.511040E+01 7.396432E-02
1.990000E+02 1.520746E+01 5.617630E-02
