# 
# 
# 
#  Date: Wed Jul  2 15:36:15 2025
# h, m, error_m
2.000000E+02 2.571524E+01 2.427131E-02
1.970000E+02 2.574336E+01 5.905262E-02
1.940000E+02 2.556901E+01 2.555138E-02
1.910000E+02 2.571599E+01 5.981706E-02
1.880000E+02 2.552953E+01 8.090326E-02
1.850000E+02 2.554722E+01 4.168157E-02
1.820000E+02 2.559546E+01 4.319359E-02
1.790000E+02 2.545688E+01 2.522823E-02
1.760000E+02 2.553645E+01 2.137832E-02
1.730000E+02 2.541665E+01 6.945484E-02
1.700000E+02 2.548947E+01 4.884152E-02
1.670000E+02 2.540101E+01 5.095046E-02
1.640000E+02 2.548184E+01 4.090252E-02
1.610000E+02 2.542372E+01 7.803739E-02
1.580000E+02 2.549471E+01 4.582330E-02
1.550000E+02 2.542336E+01 6.554123E-02
1.520000E+02 2.538648E+01 1.134253E-01
1.490000E+02 2.543194E+01 6.483114E-02
1.460000E+02 2.539859E+01 2.634974E-02
1.430000E+02 2.540641E+01 4.941521E-02
1.400000E+02 2.534309E+01 4.456607E-02
1.370000E+02 2.542727E+01 4.432187E-02
1.340000E+02 2.531590E+01 3.319488E-02
1.310000E+02 2.541815E+01 4.900974E-02
1.280000E+02 2.527229E+01 1.060838E-01
1.250000E+02 2.526430E+01 4.868308E-02
1.220000E+02 2.519556E+01 4.235248E-02
1.190000E+02 2.514938E+01 2.935063E-02
1.160000E+02 2.515962E+01 5.109755E-02
1.130000E+02 2.507523E+01 4.269567E-02
1.100000E+02 2.520861E+01 3.308258E-02
1.070000E+02 2.512049E+01 9.726863E-02
1.040000E+02 2.512421E+01 4.082770E-02
1.010000E+02 2.510838E+01 4.797136E-02
9.800000E+01 2.515068E+01 7.382560E-02
9.500000E+01 2.509125E+01 7.538162E-02
9.200000E+01 2.507633E+01 3.716038E-02
8.900000E+01 2.516725E+01 6.372703E-02
8.600000E+01 2.497502E+01 1.892901E-02
8.300000E+01 2.503201E+01 4.617327E-02
8.000000E+01 2.496403E+01 4.968583E-02
7.700000E+01 2.495881E+01 4.834463E-02
7.400000E+01 2.487945E+01 1.106658E-01
7.100000E+01 2.501340E+01 7.236224E-02
6.800000E+01 2.488282E+01 2.382070E-02
6.500000E+01 2.483811E+01 6.077439E-02
6.200000E+01 2.485543E+01 2.924162E-02
5.900000E+01 2.486624E+01 9.242445E-02
5.600000E+01 2.482228E+01 8.260078E-02
5.300000E+01 2.475392E+01 6.031527E-02
5.000000E+01 2.482768E+01 7.280961E-02
4.700000E+01 2.469414E+01 1.002289E-01
4.400000E+01 2.466433E+01 7.886527E-02
4.100000E+01 2.459113E+01 5.626498E-02
3.800000E+01 2.460342E+01 5.739622E-02
3.500000E+01 2.459262E+01 9.338973E-02
3.200000E+01 2.449333E+01 5.652513E-02
2.900000E+01 2.464609E+01 5.514745E-02
2.600000E+01 2.453562E+01 4.326439E-02
2.300000E+01 2.457865E+01 3.781921E-02
2.000000E+01 2.450246E+01 4.843887E-02
1.700000E+01 2.451700E+01 7.215169E-02
1.400000E+01 2.451383E+01 4.523682E-02
1.100000E+01 2.443913E+01 1.261913E-01
8.000000E+00 2.450861E+01 4.665575E-02
5.000000E+00 2.435441E+01 6.546282E-02
2.000000E+00 2.445794E+01 2.866001E-02
-1.000000E+00 2.438532E+01 1.058979E-01
-4.000000E+00 2.440001E+01 5.558033E-02
-7.000000E+00 2.421656E+01 3.688675E-02
-1.000000E+01 2.420629E+01 8.284391E-02
-1.300000E+01 2.410088E+01 6.179246E-02
-1.600000E+01 2.397887E+01 2.908261E-02
-1.900000E+01 2.394162E+01 3.750525E-02
-2.200000E+01 2.398299E+01 6.219879E-02
-2.500000E+01 2.394963E+01 6.180408E-02
-2.800000E+01 2.376840E+01 3.994757E-02
-3.000000E+01 2.370376E+01 3.072983E-02
-3.050000E+01 2.355716E+01 4.761922E-02
-3.100000E+01 2.345639E+01 6.637003E-02
-3.150000E+01 2.341225E+01 3.164968E-02
-3.200000E+01 2.330479E+01 4.347547E-02
-3.250000E+01 2.342642E+01 1.856625E-02
-3.300000E+01 2.321035E+01 6.685924E-02
-3.350000E+01 2.332640E+01 3.674349E-02
-3.400000E+01 2.306264E+01 1.616390E-01
-3.450000E+01 2.300230E+01 4.048755E-02
-3.500000E+01 2.283913E+01 7.492991E-02
-3.550000E+01 2.268211E+01 5.085006E-02
-3.600000E+01 2.231238E+01 2.227275E-02
-3.650000E+01 2.177741E+01 7.190562E-02
-3.700000E+01 2.061680E+01 1.678189E-01
-3.750000E+01 1.695838E+01 5.601966E-01
-3.800000E+01 1.084681E+01 2.836012E-01
-3.850000E+01 4.374444E+00 9.432691E-01
-3.900000E+01 1.190237E+00 3.521349E-02
-3.950000E+01 1.134918E+00 6.325392E-02
-4.000000E+01 -5.421816E+00 1.677332E+00
-4.050000E+01 -9.595103E+00 3.394923E-02
-4.100000E+01 -9.623599E+00 6.390345E-02
-4.150000E+01 -9.775220E+00 2.548468E-02
-4.200000E+01 -1.254684E+01 1.140866E+00
-4.250000E+01 -2.009602E+01 6.385195E-02
-4.300000E+01 -2.033126E+01 2.616754E-02
-4.350000E+01 -2.038340E+01 4.641506E-02
-4.400000E+01 -2.053074E+01 3.137799E-02
-4.450000E+01 -2.058998E+01 4.011209E-02
-4.500000E+01 -2.049946E+01 5.386704E-02
-4.550000E+01 -2.064232E+01 4.541680E-02
-4.600000E+01 -2.059333E+01 5.120867E-02
-4.650000E+01 -2.063786E+01 6.656241E-02
-4.700000E+01 -2.065462E+01 4.309278E-02
-4.750000E+01 -2.063374E+01 2.713438E-02
-4.800000E+01 -2.071999E+01 5.311756E-02
-4.850000E+01 -2.068778E+01 5.520882E-02
-4.900000E+01 -2.072242E+01 2.869285E-02
-4.950000E+01 -2.069261E+01 2.397542E-02
-5.000000E+01 -2.077773E+01 3.364206E-02
-5.050000E+01 -2.075054E+01 2.659798E-02
-5.100000E+01 -2.071517E+01 2.234301E-02
-5.150000E+01 -2.070396E+01 4.225397E-02
-5.200000E+01 -2.068012E+01 3.109864E-02
-5.250000E+01 -2.067976E+01 3.629477E-02
-5.300000E+01 -2.076302E+01 5.658035E-02
-5.350000E+01 -2.069316E+01 5.010034E-02
-5.400000E+01 -2.068181E+01 3.965646E-02
-5.450000E+01 -2.071217E+01 6.305001E-02
-5.500000E+01 -2.073601E+01 2.659866E-02
-5.550000E+01 -2.073993E+01 3.232297E-02
-5.600000E+01 -2.075205E+01 5.231870E-02
-5.650000E+01 -2.071517E+01 3.532665E-02
-5.700000E+01 -2.064978E+01 6.074978E-02
-5.750000E+01 -2.064661E+01 4.576192E-02
-5.800000E+01 -2.064475E+01 4.677964E-02
-5.850000E+01 -2.061104E+01 3.500681E-02
-5.900000E+01 -2.064046E+01 3.541613E-02
-5.950000E+01 -2.059184E+01 7.817284E-02
-6.000000E+01 -2.065964E+01 3.978277E-02
-6.300000E+01 -2.070528E+01 6.192324E-02
-6.600000E+01 -2.064697E+01 4.501284E-02
-6.900000E+01 -2.069522E+01 3.270752E-02
-7.200000E+01 -2.080883E+01 7.797932E-02
-7.500000E+01 -2.072186E+01 3.926505E-02
-7.800000E+01 -2.080047E+01 5.346749E-02
-8.100000E+01 -2.103403E+01 5.159079E-02
-8.400000E+01 -2.117840E+01 5.396882E-02
-8.700000E+01 -2.129424E+01 5.013373E-02
-9.000000E+01 -2.135647E+01 5.174507E-02
-9.300000E+01 -2.137341E+01 3.612502E-02
-9.600000E+01 -2.144754E+01 5.368591E-02
-9.900000E+01 -2.141830E+01 3.127900E-02
-1.020000E+02 -2.154700E+01 6.118765E-02
-1.050000E+02 -2.157474E+01 4.234705E-02
-1.080000E+02 -2.161070E+01 2.919329E-02
-1.110000E+02 -2.172806E+01 3.173538E-02
-1.140000E+02 -2.173346E+01 4.981426E-02
-1.170000E+02 -2.173233E+01 6.082019E-02
-1.200000E+02 -2.177276E+01 3.027868E-02
-1.230000E+02 -2.182287E+01 4.279456E-02
-1.260000E+02 -2.178784E+01 1.405718E-02
-1.290000E+02 -2.184875E+01 8.089653E-02
-1.320000E+02 -2.187110E+01 5.387474E-02
-1.350000E+02 -2.185565E+01 6.275239E-02
-1.380000E+02 -2.196276E+01 1.834836E-02
-1.410000E+02 -2.184502E+01 1.047691E-02
-1.440000E+02 -2.195287E+01 5.443132E-02
-1.470000E+02 -2.196277E+01 3.176904E-02
-1.500000E+02 -2.193815E+01 2.945418E-02
-1.530000E+02 -2.196702E+01 8.493641E-02
-1.560000E+02 -2.187500E+01 2.757035E-02
-1.590000E+02 -2.202124E+01 5.114523E-02
-1.620000E+02 -2.196220E+01 3.344497E-02
-1.650000E+02 -2.193518E+01 6.023728E-02
-1.680000E+02 -2.199533E+01 2.643157E-02
-1.710000E+02 -2.200373E+01 5.291197E-02
-1.740000E+02 -2.200021E+01 7.220195E-02
-1.770000E+02 -2.206743E+01 9.956931E-02
-1.800000E+02 -2.204526E+01 3.237932E-02
-1.830000E+02 -2.202105E+01 2.472113E-02
-1.860000E+02 -2.208476E+01 3.770624E-02
-1.890000E+02 -2.213207E+01 3.113982E-02
-1.920000E+02 -2.209592E+01 3.678439E-02
-1.950000E+02 -2.222762E+01 5.552599E-02
-1.980000E+02 -2.220845E+01 3.450763E-02
-2.000000E+02 -2.220734E+01 4.447519E-02
-1.970000E+02 -2.229281E+01 1.468901E-02
-1.940000E+02 -2.225911E+01 5.494070E-02
-1.910000E+02 -2.214380E+01 1.010429E-01
-1.880000E+02 -2.224718E+01 6.722227E-02
-1.850000E+02 -2.223172E+01 4.561833E-02
-1.820000E+02 -2.222556E+01 5.062022E-02
-1.790000E+02 -2.219391E+01 3.623397E-02
-1.760000E+02 -2.232580E+01 5.299024E-02
-1.730000E+02 -2.228184E+01 5.482104E-02
-1.700000E+02 -2.225238E+01 7.079131E-02
-1.670000E+02 -2.226059E+01 1.118639E-01
-1.640000E+02 -2.221140E+01 3.109778E-02
-1.610000E+02 -2.220043E+01 2.388108E-02
-1.580000E+02 -2.221701E+01 3.775740E-02
-1.550000E+02 -2.221310E+01 2.630213E-02
-1.520000E+02 -2.222948E+01 2.729567E-02
-1.490000E+02 -2.218293E+01 4.459861E-02
-1.460000E+02 -2.226301E+01 5.359760E-02
-1.430000E+02 -2.224942E+01 2.368750E-02
-1.400000E+02 -2.217322E+01 2.709346E-02
-1.370000E+02 -2.225370E+01 2.617105E-02
-1.340000E+02 -2.216932E+01 5.497374E-02
-1.310000E+02 -2.216578E+01 1.788344E-02
-1.280000E+02 -2.217621E+01 4.018785E-02
-1.250000E+02 -2.218349E+01 2.822660E-02
-1.220000E+02 -2.224810E+01 1.690314E-02
-1.190000E+02 -2.221421E+01 2.103057E-02
-1.160000E+02 -2.219483E+01 2.009289E-02
-1.130000E+02 -2.214306E+01 4.174046E-02
-1.100000E+02 -2.225835E+01 4.336045E-02
-1.070000E+02 -2.220529E+01 6.078479E-02
-1.040000E+02 -2.224549E+01 2.960005E-02
-1.010000E+02 -2.215405E+01 6.223989E-02
-9.800000E+01 -2.221478E+01 6.353849E-02
-9.500000E+01 -2.218516E+01 5.136920E-02
-9.200000E+01 -2.219614E+01 5.411368E-02
-8.900000E+01 -2.219932E+01 2.952439E-02
-8.600000E+01 -2.214082E+01 2.529545E-02
-8.300000E+01 -2.212649E+01 8.595111E-02
-8.000000E+01 -2.215366E+01 5.339978E-02
-7.700000E+01 -2.212572E+01 3.935222E-02
-7.400000E+01 -2.210545E+01 2.075694E-02
-7.100000E+01 -2.214344E+01 5.494687E-02
-6.800000E+01 -2.215797E+01 3.772737E-02
-6.500000E+01 -2.207282E+01 5.944029E-02
-6.200000E+01 -2.210376E+01 2.847185E-02
-5.900000E+01 -2.217511E+01 4.142679E-02
-5.600000E+01 -2.203948E+01 5.866551E-02
-5.300000E+01 -2.204154E+01 7.254640E-02
-5.000000E+01 -2.202944E+01 4.938360E-02
-4.950000E+01 -2.202013E+01 5.806217E-02
-4.900000E+01 -2.208160E+01 3.238916E-02
-4.850000E+01 -2.207078E+01 8.998557E-02
-4.800000E+01 -2.205812E+01 4.805193E-02
-4.750000E+01 -2.193424E+01 3.320958E-02
-4.700000E+01 -2.193630E+01 7.264830E-02
-4.650000E+01 -2.203130E+01 8.060357E-02
-4.600000E+01 -2.204711E+01 2.310205E-02
-4.550000E+01 -2.188133E+01 3.767092E-02
-4.500000E+01 -2.189552E+01 9.385551E-02
-4.450000E+01 -2.188674E+01 2.230225E-02
-4.400000E+01 -2.191003E+01 6.084304E-02
-4.350000E+01 -2.192439E+01 5.268458E-02
-4.300000E+01 -2.183311E+01 3.967728E-02
-4.250000E+01 -2.186552E+01 8.055580E-02
-4.200000E+01 -2.185304E+01 4.268792E-02
-4.150000E+01 -2.177650E+01 5.192003E-02
-4.100000E+01 -2.180219E+01 2.473214E-02
-4.050000E+01 -2.178619E+01 2.030889E-02
-4.000000E+01 -2.181654E+01 4.503996E-02
-3.950000E+01 -2.172488E+01 6.587667E-02
-3.900000E+01 -2.163381E+01 5.486457E-02
-3.850000E+01 -2.165169E+01 2.727744E-02
-3.800000E+01 -2.159544E+01 3.227873E-02
-3.750000E+01 -2.154329E+01 1.949520E-02
-3.700000E+01 -2.150362E+01 3.671533E-02
-3.650000E+01 -2.152521E+01 4.507300E-02
-3.600000E+01 -2.140693E+01 2.969896E-02
-3.550000E+01 -2.146096E+01 5.786559E-02
-3.500000E+01 -2.144122E+01 5.803723E-02
-3.450000E+01 -2.132740E+01 2.441274E-02
-3.400000E+01 -2.134211E+01 6.738603E-02
-3.350000E+01 -2.118323E+01 6.098092E-02
-3.300000E+01 -2.114263E+01 5.018596E-02
-3.250000E+01 -2.111097E+01 4.411646E-02
-3.200000E+01 -2.093886E+01 4.872376E-02
-3.150000E+01 -2.072931E+01 2.987716E-02
-3.100000E+01 -2.044507E+01 6.311114E-02
-3.050000E+01 -1.970504E+01 1.189626E-01
-3.000000E+01 -1.881524E+01 1.314620E-01
-2.950000E+01 -1.646143E+01 3.698353E-01
-2.900000E+01 -1.116477E+01 8.201645E-01
-2.850000E+01 -5.197181E+00 7.202714E-01
-2.800000E+01 -2.561151E-01 6.286414E-02
-2.750000E+01 1.015148E-01 1.828087E-01
-2.700000E+01 9.231699E+00 1.010072E+00
-2.650000E+01 1.037500E+01 8.464228E-02
-2.600000E+01 1.056684E+01 9.297584E-02
-2.550000E+01 1.911459E+01 1.083776E+00
-2.500000E+01 2.043445E+01 7.645526E-02
-2.450000E+01 2.064718E+01 3.470720E-02
-2.400000E+01 2.069375E+01 2.963799E-02
-2.350000E+01 2.079488E+01 5.930995E-02
-2.300000E+01 2.086045E+01 3.332165E-02
-2.250000E+01 2.085392E+01 2.303049E-02
-2.200000E+01 2.099994E+01 6.072603E-02
-2.150000E+01 2.102212E+01 9.116082E-02
-2.100000E+01 2.108024E+01 6.887239E-02
-2.050000E+01 2.108804E+01 1.809288E-02
-2.000000E+01 2.116962E+01 5.879792E-02
-1.700000E+01 2.123910E+01 2.087980E-02
-1.400000E+01 2.140731E+01 2.720917E-02
-1.100000E+01 2.141850E+01 4.898171E-02
-8.000000E+00 2.152914E+01 2.838271E-02
-5.000000E+00 2.155650E+01 6.256899E-02
-2.000000E+00 2.159153E+01 5.478987E-02
1.000000E+00 2.165523E+01 4.747016E-02
4.000000E+00 2.174836E+01 4.901113E-02
7.000000E+00 2.183367E+01 1.335283E-02
1.000000E+01 2.190091E+01 5.331113E-02
1.300000E+01 2.197988E+01 3.463977E-02
1.600000E+01 2.200969E+01 5.167656E-02
1.900000E+01 2.194226E+01 1.085738E-01
2.200000E+01 2.214996E+01 8.317843E-02
2.500000E+01 2.226283E+01 1.313484E-02
2.800000E+01 2.227438E+01 4.292116E-02
3.100000E+01 2.234906E+01 7.728236E-02
3.400000E+01 2.228741E+01 4.442599E-02
3.700000E+01 2.235278E+01 3.986572E-02
4.000000E+01 2.237774E+01 6.681895E-02
4.300000E+01 2.245466E+01 5.587660E-02
4.600000E+01 2.243809E+01 5.493535E-02
4.900000E+01 2.241575E+01 6.139279E-02
5.200000E+01 2.247089E+01 3.134765E-02
5.500000E+01 2.253086E+01 5.406641E-02
5.800000E+01 2.250200E+01 1.007175E-01
6.100000E+01 2.258039E+01 3.664021E-02
6.400000E+01 2.268340E+01 5.523332E-02
6.700000E+01 2.256942E+01 3.376954E-02
7.000000E+01 2.259345E+01 3.136891E-02
7.300000E+01 2.265119E+01 4.366336E-02
7.600000E+01 2.265585E+01 5.208290E-02
7.900000E+01 2.265641E+01 5.075619E-02
8.200000E+01 2.266068E+01 4.683569E-02
8.500000E+01 2.263108E+01 4.445550E-02
8.800000E+01 2.279388E+01 3.021658E-02
9.100000E+01 2.281027E+01 5.666526E-02
9.400000E+01 2.280504E+01 9.735123E-02
9.700000E+01 2.287713E+01 2.875222E-02
1.000000E+02 2.288235E+01 4.753759E-02
1.030000E+02 2.296931E+01 6.031825E-02
1.060000E+02 2.293151E+01 5.070656E-02
1.090000E+02 2.297659E+01 4.684085E-02
1.120000E+02 2.291997E+01 2.848196E-02
1.150000E+02 2.291288E+01 4.449611E-02
1.180000E+02 2.284601E+01 4.045421E-02
1.210000E+02 2.285141E+01 2.952194E-02
1.240000E+02 2.288904E+01 3.132709E-02
1.270000E+02 2.291624E+01 2.709111E-02
1.300000E+02 2.294660E+01 5.622014E-02
1.330000E+02 2.294120E+01 6.888697E-02
1.360000E+02 2.297863E+01 3.742956E-02
1.390000E+02 2.294249E+01 8.786836E-02
1.420000E+02 2.289073E+01 4.424658E-02
1.450000E+02 2.298199E+01 4.457556E-02
1.480000E+02 2.296094E+01 2.862318E-02
1.510000E+02 2.299357E+01 5.648710E-02
1.540000E+02 2.293020E+01 3.698619E-02
1.570000E+02 2.297734E+01 6.553914E-02
1.600000E+02 2.302130E+01 6.199765E-02
1.630000E+02 2.303023E+01 5.831929E-02
1.660000E+02 2.307568E+01 4.644751E-02
1.690000E+02 2.301962E+01 7.622060E-02
1.720000E+02 2.311293E+01 9.240491E-02
1.750000E+02 2.310754E+01 8.042112E-02
1.780000E+02 2.307624E+01 4.484525E-02
1.810000E+02 2.310120E+01 3.195466E-02
1.840000E+02 2.306340E+01 7.044575E-02
1.870000E+02 2.303713E+01 5.919025E-02
1.900000E+02 2.310734E+01 2.777755E-02
1.930000E+02 2.310791E+01 5.452298E-02
1.960000E+02 2.318297E+01 4.314854E-02
1.990000E+02 2.303619E+01 3.381971E-02
